[gd_scene load_steps=10 format=3]

[ext_resource type="Script" path="res://scripts/Main.gd" id="1_main"]
[ext_resource type="Script" path="res://scripts/visual_state.gd" id="2_state"]
[ext_resource type="Script" path="res://scripts/state_client.gd" id="3_client"]
[ext_resource type="Script" path="res://scripts/map_renderer.gd" id="4_map"]
[ext_resource type="Script" path="res://scripts/marker_renderer.gd" id="5_marker"]
[ext_resource type="Script" path="res://scripts/camera_rig.gd" id="6_camera"]
[ext_resource type="Script" path="res://scripts/visualizer_ui.gd" id="7_ui"]

[sub_resource type="ProceduralSkyMaterial" id="SkyMat"]
sky_top_color = Color(0.45, 0.62, 0.85, 1)
sky_horizon_color = Color(0.78, 0.72, 0.58, 1)
ground_bottom_color = Color(0.12, 0.16, 0.1, 1)
ground_horizon_color = Color(0.55, 0.5, 0.38, 1)

[sub_resource type="Sky" id="Sky"]
sky_material = SubResource("SkyMat")

[sub_resource type="Environment" id="Env"]
background_mode = 2
sky = SubResource("Sky")
ambient_light_source = 2
ambient_light_color = Color(0.72, 0.7, 0.62, 1)
ambient_light_energy = 0.55
tonemap_mode = 2
ssao_enabled = false
glow_enabled = false
fog_enabled = true
fog_light_color = Color(0.7, 0.68, 0.55, 1)
fog_density = 0.0015
fog_aerial_perspective = 0.4

[node name="Main" type="Node3D"]
script = ExtResource("1_main")

[node name="VisualState" type="Node" parent="."]
script = ExtResource("2_state")

[node name="StateClient" type="Node" parent="."]
script = ExtResource("3_client")

[node name="WorldEnvironment" type="WorldEnvironment" parent="."]
environment = SubResource("Env")

[node name="WorldRoot" type="Node3D" parent="."]

[node name="MapRenderer" type="Node3D" parent="WorldRoot"]
script = ExtResource("4_map")
show_labels = false

[node name="MarkerRenderer" type="Node3D" parent="WorldRoot"]
script = ExtResource("5_marker")

[node name="CameraRig" type="Node3D" parent="."]
script = ExtResource("6_camera")

[node name="Camera3D" type="Camera3D" parent="CameraRig"]
transform = Transform3D(1, 0, 0, 0, 0.342020, 0.939693, 0, -0.939693, 0.342020, 0, 22, 14)
current = true
fov = 55.0

[node name="DirectionalLight3D" type="DirectionalLight3D" parent="."]
transform = Transform3D(0.866025, -0.353553, 0.353553, 0, 0.707107, 0.707107, -0.5, -0.612372, 0.612372, 8, 18, 6)
shadow_enabled = true
light_energy = 1.15
light_color = Color(1, 0.96, 0.88, 1)

[node name="FillLight" type="DirectionalLight3D" parent="."]
transform = Transform3D(-0.707107, -0.353553, -0.612372, 0, 0.866025, -0.5, 0.707107, -0.353553, -0.612372, -6, 10, -4)
light_energy = 0.28
light_color = Color(0.65, 0.75, 0.95, 1)
shadow_enabled = false

[node name="UIRoot" type="CanvasLayer" parent="."]
script = ExtResource("7_ui")
