[gd_scene load_steps=10 format=3]

[ext_resource type="Script" path="res://scripts/Main.gd" id="1_main"]
[ext_resource type="Script" path="res://scripts/visual_state.gd" id="2_state"]
[ext_resource type="Script" path="res://scripts/state_client.gd" id="3_client"]
[ext_resource type="Script" path="res://scripts/map_renderer.gd" id="4_map"]
[ext_resource type="Script" path="res://scripts/marker_renderer.gd" id="5_marker"]
[ext_resource type="Script" path="res://scripts/camera_rig.gd" id="6_camera"]
[ext_resource type="Script" path="res://scripts/visualizer_ui.gd" id="7_ui"]

[sub_resource type="ProceduralSkyMaterial" id="SkyMat"]
sky_top_color = Color(0.32, 0.52, 0.78, 1)
sky_horizon_color = Color(0.88, 0.78, 0.58, 1)
ground_bottom_color = Color(0.08, 0.12, 0.07, 1)
ground_horizon_color = Color(0.48, 0.44, 0.32, 1)
sky_energy_multiplier = 1.12

[sub_resource type="Sky" id="Sky"]
sky_material = SubResource("SkyMat")

[sub_resource type="Environment" id="Env"]
background_mode = 2
sky = SubResource("Sky")
ambient_light_source = 3
ambient_light_color = Color(0.62, 0.7, 0.78, 1)
ambient_light_energy = 0.38
ambient_light_sky_contribution = 0.72
tonemap_mode = 2
tonemap_exposure = 1.08
ssao_enabled = false
glow_enabled = true
glow_intensity = 0.35
glow_strength = 0.7
glow_bloom = 0.12
fog_enabled = true
fog_light_color = Color(0.78, 0.74, 0.6, 1)
fog_density = 0.0022
fog_aerial_perspective = 0.68
fog_sky_affect = 0.48
fog_sun_scatter = 0.22

[node name="Main" type="Node3D"]
script = ExtResource("1_main")

[node name="VisualState" type="Node" parent="."]
script = ExtResource("2_state")

[node name="StateClient" type="Node" parent="."]
script = ExtResource("3_client")

[node name="WorldEnvironment" type="WorldEnvironment" parent="."]
environment = SubResource("Env")

[node name="WorldRoot" type="Node3D" parent="."]

[node name="MapRenderer" type="Node3D" parent="WorldRoot"]
script = ExtResource("4_map")
show_labels = false
show_grid_lines = false

[node name="MarkerRenderer" type="Node3D" parent="WorldRoot"]
script = ExtResource("5_marker")

[node name="CameraRig" type="Node3D" parent="."]
script = ExtResource("6_camera")

[node name="Camera3D" type="Camera3D" parent="CameraRig"]
transform = Transform3D(1, 0, 0, 0, 0.573576, 0.819152, 0, -0.819152, 0.573576, 0, 16.5, 14.5)
current = true
fov = 46.0
far = 260.0
near = 0.15

[node name="DirectionalLight3D" type="DirectionalLight3D" parent="."]
transform = Transform3D(0.866025, -0.353553, 0.353553, 0, 0.707107, 0.707107, -0.5, -0.612372, 0.612372, 8, 22, 6)
shadow_enabled = true
light_energy = 1.42
light_color = Color(1, 0.93, 0.78, 1)
shadow_blur = 2.0
directional_shadow_mode = 1

[node name="FillLight" type="DirectionalLight3D" parent="."]
transform = Transform3D(-0.707107, -0.353553, -0.612372, 0, 0.866025, -0.5, 0.707107, -0.353553, -0.612372, -6, 12, -4)
light_energy = 0.38
light_color = Color(0.5, 0.66, 0.95, 1)
shadow_enabled = false

[node name="RimLight" type="DirectionalLight3D" parent="."]
transform = Transform3D(0.5, 0.3, -0.812, 0, 0.938, 0.346, 0.866, -0.173, 0.469, -4, 14, 10)
light_energy = 0.28
light_color = Color(0.98, 0.88, 0.72, 1)
shadow_enabled = false

[node name="UIRoot" type="CanvasLayer" parent="."]
script = ExtResource("7_ui")
